
  [
    {
      "material": {"ambient": [1,1,1], "diffuse": [1,1,1], "specular": [1,1,1], "n":11}, 
      "vertices": [[-0.2, 0.31, 0.75], [0.2, 0.31, 0.75], [0, 0.7, 0.75]],
      "normals": [[0, 0, -1],[0, 0, -1],[0, 0, -1]],
      "triangles": [[0,1,2]]
    },
    {
      "material": {"ambient": [1,1,1], "diffuse": [1,1,1], "specular": [1,1,1], "n":17}, 
      "vertices": [[-0.2, -0.5, 0.75],[0.2, -0.5, 0.75],[0.2,0.3,0.75],[-0.2,0.3,0.75]],
      "normals": [[0, 0, -1],[0, 0, -1],[0, 0, -1],[0, 0, -1]],
      "triangles": [[0,1,2],[2,3,0]]
    },
    {
      "material": {"ambient": [1,1,1], "diffuse": [0.7,0.7,0.7], "specular": [1,1,1], "n":17}, 
      "vertices": [[0, -0.5, 0.74],[0.1, -0.5, 0.74],[0.1,0.3,0.74],[0,0.3,0.74]],
      "normals": [[0, 0, -1],[0, 0, -1],[0, 0, -1],[0, 0, -1]],
      "triangles": [[0,1,2],[2,3,0]]
    },
    {
      "material": {"ambient": [1,1,1], "diffuse": [1,0,0], "specular": [1,1,1], "n":17}, 
      "vertices": [[-0.05, -0.61, 0.74],[0.05, -0.61, 0.74],[0.1,-0.7,0.74],[-0.1,-0.7,0.74]],
      "normals": [[0, 0, -1],[0, 0, -1],[0, 0, -1],[0, 0, -1]],
      "triangles": [[0,1,2],[2,3,0]]
    },
    {
      "material": {"ambient": [1,1,1], "diffuse": [1,0,0], "specular": [1,1,1], "n":11}, 
      "vertices": [[0.1, -0.7, 0.74], [-0.1, -0.7, 0.74], [0, -0.9, 0.74]],
      "normals": [[0, 0, -1],[0, 0, -1],[0, 0, -1]],
      "triangles": [[0,1,2]]
    },
    {
        "material": {"ambient": [1,1,1], "diffuse": [1,1,1], "specular": [1,1,1], "n":17}, 
        "vertices": [[-0.05, -0.51, 0.74],[0.05, -0.51, 0.74],[0.2,-0.6,0.74],[-0.2,-0.6,0.74]],
        "normals": [[0, 0, -1],[0, 0, -1],[0, 0, -1],[0, 0, -1]],
        "triangles": [[0,1,2],[2,3,0]]
    }
    
  ]
  
